# Spawn

summon minecraft:armor_stand 3350 68 -2389 {Tags:["synb.type.deco"],ShowArms:true,Rotation:[-150f,0f],Pose:{RightArm:[330f,0f,0f]},equipment:{mainhand:{id:"minecraft:crossbow"},offhand:{id:"minecraft:wooden_sword"}}}
summon minecraft:interaction 3350 68 -2389 {Tags:["synb.type.deco"],width:1,height:2.1}

# Arena 1

summon minecraft:interaction 3325 62.8 -2372 {Tags:["synb.type.deco"],width:15,height:4}
summon minecraft:interaction 3323 60 -2382 {Tags:["synb.type.deco"],width:9,height:2}
summon minecraft:interaction 3354 68 -2392 {Tags:["synb.type.deco"],width:1.05,height:2}
summon minecraft:interaction 3353 68 -2390 {Tags:["synb.type.deco"],width:1.1,height:1.1}
summon minecraft:interaction 3350 68 -2391 {Tags:["synb.type.deco"],width:1.1,height:1.1}
summon minecraft:interaction 3350 68 -2392 {Tags:["synb.type.deco"],width:1.1,height:1.1}

# Arena 2

summon minecraft:furnace_minecart 3320 85 -2253 {Tags:["synb.type.deco"],Invulnerable:1b}
summon minecraft:armor_stand 3316 85 -2264 {Tags:["synb.type.deco"],Rotation:[200f,0f],equipment:{head:{id:"minecraft:golden_helmet"},chest:{id:"minecraft:diamond_chestplate"},legs:{id:"minecraft:netherite_leggings"},feet:{id:"minecraft:leather_boots",components:{dyed_color:16743168}}}}

summon minecraft:item_display 3319 86 -2260 {Tags:["synb.type.deco"],item:{id:"minecraft:iron_pickaxe"},item_display:"none",transformation:[0.9659f,-0.2588f,-0.0000f,0.0000f,0.0000f,0.0000f,-1.0000f,0.0000f,0.2588f,0.9659f,0.0000f,0.0000f,0.0000f,0.0000f,0.0000f,1.0000f]}
summon minecraft:item_display 3320.3 86 -2257.5 {Tags:["synb.type.deco"],item:{id:"minecraft:iron_sword"},item_display:"none",transformation:[0.5000f,-0.8660f,-0.0000f,0.0000f,0.0000f,0.0000f,-1.0000f,0.0000f,0.8660f,0.5000f,0.0000f,0.0000f,0.0000f,0.0000f,0.0000f,1.0000f]}
summon minecraft:item_display 3320 86 -2258.8 {Tags:["synb.type.deco"],item:{id:"minecraft:diamond_sword"},item_display:"none",transformation:[0.5000f,0.8660f,0.0000f,0.0000f,-0.0000f,0.0000f,-1.0000f,0.0000f,-0.8660f,0.5000f,0.0000f,0.0000f,0.0000f,0.0000f,0.0000f,1.0000f]}
summon minecraft:item_display 3319.6 86 -2259 {Tags:["synb.type.deco"],item:{id:"minecraft:mace"},item_display:"none",transformation:[-1.0000f,0.0000f,0.0000f,0.0000f,-0.0000f,0.0000f,-1.0000f,0.0000f,-0.0000f,-1.0000f,-0.0000f,0.0000f,0.0000f,0.0000f,0.0000f,1.0000f]}
summon minecraft:interaction 3319 84 -2258 {Tags:["synb.type.deco"],width:13,height:4}

# Arena 3

summon minecraft:interaction 3340 122 -2295 {Tags:["synb.type.deco"],width:1.1,height:1.1}
summon minecraft:interaction 3348 121 -2294 {Tags:["synb.type.deco"],width:1.1,height:1.1}
summon minecraft:interaction 3347 121 -2286 {Tags:["synb.type.deco"],width:1.1,height:1.1}
summon minecraft:item_display 3340.2 121 -2287.4 {Tags:["synb.type.deco"],item:{id:"minecraft:amethyst_shard"},item_display:"none",transformation:[0.5000f,-0.8660f,-0.0000f,0.0000f,0.0000f,0.0000f,-1.0000f,0.0000f,0.8660f,0.5000f,0.0000f,0.0000f,0.0000f,0.0000f,0.0000f,1.0000f]}
summon minecraft:item_display 3336 122 -2292 {Tags:["synb.type.deco"],item:{id:"minecraft:powder_snow_bucket"},item_display:"none",transformation:[0.5000f,0.8660f,0.0000f,0.0000f,-0.0000f,0.0000f,-1.0000f,0.0000f,-0.8660f,0.5000f,0.0000f,0.0000f,0.0000f,0.0000f,0.0000f,1.0000f]}
summon minecraft:item_display 3349 123 -2286 {Tags:["synb.type.deco"],item:{id:"minecraft:elytra"},item_display:"none",transformation:[-1.0000f,0.0000f,0.0000f,0.0000f,-0.0000f,0.0000f,-1.0000f,0.0000f,-0.0000f,-1.0000f,-0.0000f,0.0000f,0.0000f,0.0000f,0.0000f,1.0000f]}